root root 1 0 0 0 0 1 0 0 0 0 1 0 0 0 0 1
pose root 1 0 0 0 0 1 0 0 0 0 1 0 0 0 0 1
scale pose 0.811646 0 0 0 0 0.811646 0 0 0 0 0.811646 0 0 0 0 1
Hand scale 1 0 0 0 0 1 0 0 0 0 1 0 0 0 0 1
HandThumb1 Hand 0.479004 -0.569837 -0.667712 0 0.717332 0.692528 -0.0764155 0 0.505954 -0.442368 0.740486 0 20 10 -10 1
HandThumb2 HandThumb1 0.996067 -0.067936 0.0568741 0 0.0781009 0.976356 -0.201568 0 -0.0418357 0.205217 0.977822 0 0 40 0 1
HandThumb3 HandThumb2 0.99863 -3.03013e-017 -0.0523263 0 3.44945e-017 1 7.92325e-017 0 0.0523263 -8.09289e-017 0.99863 0 0 24 0 1
HandThumb4 HandThumb3 0.99863 -3.03013e-017 -0.0523263 0 3.44945e-017 1 7.92325e-017 0 0.0523263 -8.09289e-017 0.99863 0 0 16 0 1
HandPinky1 Hand 0.893272 0.449458 0.00730108 0 -0.449347 0.892369 0.0420069 0 0.012365 -0.0408043 0.999091 0 -30 80 0 1
HandPinky2 HandPinky1 0.998445 -0.0556588 0.00318789 0 0.0555928 0.998291 0.0179994 0 -0.00418428 -0.0177942 0.999833 0 0 30 0 1
HandPinky3 HandPinky2 0.999998 -0.0019819 0.000149167 0 0.00198716 0.998406 -0.0564046 0 -3.71401e-005 0.0564048 0.998408 0 0 18 0 1
HandPinky4 HandPinky3 0.999998 -0.0019819 0.000149167 0 0.00198716 0.998406 -0.0564046 0 -3.71401e-005 0.0564048 0.998408 0 0 12 0 1
HandRing1 Hand 0.974736 0.223103 0.0107182 0 -0.222472 0.974016 -0.0424261 0 -0.0199051 0.0389697 0.999042 0 -10 80 0 1
HandRing2 HandRing1 0.999995 0.00327233 9.63464e-005 0 -0.00326932 0.99974 -0.0225708 0 -0.000170183 0.0225703 0.999745 0 0 38 0 1
HandRing3 HandRing2 0.999165 0.0408006 0.00212393 0 -0.0407941 0.999163 -0.00302228 0 -0.00224546 0.00293311 0.999993 0 0 22.8 0 1
HandRing4 HandRing3 0.999165 0.0408006 0.00212393 0 -0.0407941 0.999163 -0.00302228 0 -0.00224546 0.00293311 0.999993 0 0 15.2 0 1
HandMiddle1 Hand 0.999545 0.0271988 0.0130653 0 -0.0244035 0.983341 -0.180123 0 -0.0177468 0.179722 0.983557 0 10 80 0 1
HandMiddle2 HandMiddle1 1 0.000112811 1.94206e-005 0 -0.000114317 0.992959 0.118458 0 -5.92047e-006 -0.118458 0.992959 0 0 40 0 1
HandMiddle3 HandMiddle2 1 0 0 0 0 1 0 0 0 0 1 0 0 24 0 1
HandMiddle4 HandMiddle3 1 0 0 0 0 1 0 0 0 0 1 0 0 16 0 1
HandIndex1 Hand 0.985431 -0.169422 0.0149007 0 0.170074 0.981171 -0.0915362 0 0.000888117 0.0927368 0.99569 0 30 80 0 1
HandIndex2 HandIndex1 0.999472 0.0323889 0.00272039 0 -0.0325009 0.996832 0.0725897 0 -0.000360672 -0.0726397 0.997358 0 0 38 0 1
HandIndex3 HandIndex2 1 0 0 0 0 1 0 0 0 0 1 0 0 22.8 0 1
HandIndex4 HandIndex3 1 0 0 0 0 1 0 0 0 0 1 0 0 15.2 0 1
end_of_skeleton
0 36 41.6 10.8 10.8
1 13.6 8 13.6 8
2 8 7.2 8 7.2
3 7.2 6.4 7.2 6.4
4 8 7.2 8 7.2
5 7.2 6.4 7.2 6.4
6 6.4 6.4 6.4 6.4
7 8 7.2 8 7.2
8 7.2 6.4 7.2 6.4
9 6.4 6.4 6.4 6.4
10 8 7.2 8 7.2
11 7.2 6.4 7.2 6.4
12 6.4 6.4 6.4 6.4
13 8 7.2 8 7.2
14 7.2 6.4 7.2 6.4
15 6.4 6.4 6.4 6.4
